950498640
598782603
935319930
617982360
274838534
749149490
536279100
616807328
760332581
688259656
559128855
305327124
496109929
912810346
998540774
420796149
632978641
885694383
339422561
575893278
639849852
426974676
557792076
179768727
131351096
982076743
489410744
899519017
984423336
978175932
824337415
831543088
332420269
731147309
396685593
485275965
277469264
828015218
846290991
203782561
447744396
724315778
285615167
435273380
859299254
806942203
340844072
958158388
572653154
542235391
331515122
735434666
671357919
980718787
851083771
459553679
610777879
217980333
363238322
803825688
527792641
314157309
591068038
701269574
775879614
618483140
873867604
800578977
487229131
931393827
489278745
643180860
790987563
989115459
807230419
602238826
870117214
540861824
653851575
744475455
607089856
850629741
909064255
707511275
423492555
268192688
559047561
531310125
228955569
684946056
369985128
189918730
482355048
334242456
863652159
383781855
993313885
686440172
354827578
167447798
871910520
674214551
769615760
591123723
159662733
477938056
434546932
786471589
407863000
467937540
267927006
349759810
916956793
618723049
339344643
412515303
550168315
152872374
760168338
508401923
313230455
539654238
914790468
324643966
210507255
827085644
841378165
831771241
573814144
160808092
542155029
129548055
488499875
283217643
115417970
857810673
282964364
121597314
599815014
628639146
666850280
167954556
695418257
101249646
978186758
734312164
277476452
274157041
437538947
618192748
968192075
441622822
424915022
270794304
472237296
111478711
591391884
590838342
446438653
522363535
672647623
340146949
160446268
827762608
132712918
817031359
984139496
358712205
870378904
678618731
613047794
798098757
539160049
864801520
467887958
854903661
500882687
694036284
220600523
764496154
111815054
221884079
991176639
928470292
900576853
571555266
739812096
945206786
756908201
737930416
493334263
723813315
280543334
855054137
314336368
342169301
299871722
926536972
129450278
412518746
968037592
564603196
484103864
545884544
735543720
100947452
476713618
707635724
490962732
686319668
555362161
626696375
607949580
369509057
204506021
155226645
274036075
270659327
418658504
153179224
621111355
291156066
150072355
617527554
865674508
672892280
878580580
336394382
163507978
243431306
626069298
202196398
434076241
635896381
774523146
566093163
707206879
440284378
797409447
565464523
498167073
476445717
650631792
144523198
302941286
624948622
906412191
193239918
968308517
354580368
148745854
823950094
627289378
505743313
499056192
333690632
618317242
745407449
841126523
161699480
523407284
848510411
569621476
376597761
178034183
121409128
532160831
805779574
856125708
898961615
991626662
755047908
158260593
733527071
791935369
407226788
469268881
213708117
151728748
981733439
297061111
131459745
799620410
679736945
335667530
914864349
351265823
748910202
264923416
625271771
755539116
609134963
752345801
318247889
351400505
623029351
259790803
320025978
279946250
407590641
333845061
585172230
589608469
979611308
144454415
621816386
698731484
343319905
396471274
918969761
357713622
167993474
804916974
103151872
425599725
383881498
281439252
440872971
275876255
547634636
865768155
800390274
125532660
599445724
297845784
489822882
705002793
305953333
634056116
727017026
798582761
537520847
122048726
512358734
990045334
710692779
605686285
991445567
781820069
411598744
205545084
841930665
827333804
487748814
301617516
450213393
210756972
684439712
813459439
251021864
223136769
714526869
492478470
168596701
442544232
721786734
440025769
761139942
711245721
571772611
377580296
619489742
461016238
861713423
131937990
918358684
459273719
852506228
801761399
396217795
696593340
929206029
276583905
636679486
371136387
299273708
322491925
922904746
893682509
991266999
712413674
479955737
177693827
598185427
945617708
279564761
600939735
283164175
263531296
709347984
717638114
549674270
375055693
861780421
962272816
735024257
684565233
732485833
454645013
667535496
333364194
655228331
357164204
923419424
246386797
840886236
986249689
856042950
951987681
578847988
156922312
137100337
993294451
572603493
715370883
920157879
774827684
244577474
649397585
572838348
113572715
977244756
688655867
335183285
849508370
479927136
956199511
480551715
834398538
466131252
489537576
434587996
395201694
964378253
558587208
343611572
837299772
520240640
240216156
192483419
759315052
933934064
408740877
488350333
427553224
202072167
226796042
355624986
692873443
924930906
247276568
781607885
440023745
530058602
674574360
396821996
296793220
852140765
425009927
318839419
865160918
135619650
802141254
507336562
869900032
595790249
409353638
206254735
681915939
366377146
946956787
545522543
942111202
704860558
376970636
421721405
955005439
366433118
718886384
859324673
308690675
990911955
821196831
503879623
516619756
885240681
224541042
947666974
859971438
944305370
376743618
407108588
530308090
680513777
782564075
447756631
702403298
870981922
516290275
629148367
266054147
194401598
832277053
803348147
649620396
112912639
769046656
789754498
689837923
319493427
949468611
981231701
771995137
911116647
572655916
715689154
308832232
348366687
229817635
635876708
694482763
114689073
636262383
246589755
916192757
754672105
978871943
682352297
762303473
888817115
298913526
801058503
424991739
559880194
951946100
754017078
975502025
381024344
442853601
882838506
537608114
902865082
876189685
834845316
787373354
181980772
747497964
399363632
377517024
998377172
907718491
852057941
949556713
178641466
744353459
444330618
567497061
904778483
254016341
224324885
451807177
321351648
820010252
178904524
400436886
234114004
508983112
857944453
639127522
665785449
619456165
187433563
411482196
933613718
121563200
627799395
797473147
666318886
784965343
104193641
268782185
759581584
874577232
708075144
433734182
688559606
647317085
946103900
872230519
360807705
602993906
156427350
820502525
407089182
968161162
807697178
645046331
326768400
103812269
580671869
226947925
767176502
730240330
592762831
389826429
862985944
858720764
253898785
449907187
715131274
161673773
696727479
986330067
295077738
142683979
968724603
463032631
603667141
279416211
475208772
432653362
263410321
720168733
149634740
691750212
684644148
397375418
872990891
769768873
421557638
255793589
548216889
809303597
759388161
984649680
666541705
998545452
769116599
418319879
293536777
488877803
891857639
790515171
712074571
762955573
212658497
229218560
988048367
269981450
489080200
414125885
428532612
456805149
318703783
673326214
726576448
307608001
600616108
936879782
991663494
301257534
907091113
704711418
355367580
732488747
602123388
337179174
278482979
583229830
138715597
382848063
888141302
102012993
251349341
262946753
848072770
473164495
434264937
637534309
710344595
774560112
938452038
928476251
142747127
358894193
847061200
200844423
501912680
453606516
578163059
483755518
851678207
333646829
313666611
411826343
417470927
867195139
837917463
677430390
954661905
176754078
987004580
414065479
248859493
108507055
237311144
280808383
587864814
660853385
816064356
569944694
143443716
291835777
165278368
163872668
873336756
516689714
420491651
961884092
561818594
681950908
695352054
718655960
483015160
918451930
764874676
388748510
232901245
121930806
467952548
247347183
906499856
928079202
518613262
659017219
253067865
695809863
770334737
903768583
170861613
871397831
551732052
361316605
844144234
332949023
177273580
572556808
477335730
661442000
504853044
406326006
549276615
875349858
143918517
812544988
329253432
956029371
679556280
897029841
359110305
519000342
827827987
817335544
433594192
649081239
362303503
482895746
923550708
847561404
592129250
700279093
935781768
236229374
688830792
450271607
502637828
828133090
208034082
838725186
848985664
183387758
947545748
438485531
165711331
843031070
301091585
460549159
741416465
608485875
439684905
424483729
696656161
498769850
266837575
495655885
898363486
132488416
459168172
769174643
234213962
103369774
168275997
745665358
916601244
923905030
612709602
643756857
517568152
412725755
470411294
793142739
833722652
263192787
501319323
736168440
446014890
881568452
460599465
145065468
402574467
273048870
434625925
677825366
440942441
435847830
222349060
323554724
697294874
665572201
745448564
129639191
601051952
748056916
355286112
188620886
939151423
849021227
236852888
902936161
798491354
778378475
230664958
688805459
586719416
391740781
168610207
699057473
266522836
382373408
250255530
936840128
591525993
921697725
719822702
903133630
596293339
109537249
271099621
960091343
859935526
949470732
977509132
633356343
257392251
321985487
283797489
984042241
357797540
194967134
331703682
395947073
576868926
243689462
659240710
512730966
146402168
712728651
447400514
147176974
445259466
942834186
162122069
968958592
675468900
521760098
567061124
391354622
285637396
657990635
614550279
394166790
259754986
452528635
207778981
305222835
460746208
455843569
355757566
816388611
913732001
917385337
451720903
254244141
983720569
417912828
953924920
969411649
158861896
543158966
238251245
204727563
185226631
593245336
391409563
808005772
594098326
273025904
383927880
736782416
592076843
760133017
534201039
592687738
165742864
551430056
563671177
356489594
565044807
175997589
415445906
794898871
590230805
310605580
887790090
472246923
952711723
272529516
361877939
126677342
422371123
789478717
948644985
747674064
693969143
579465767
769922030
992708402
998794136
145748396
203602018
462651806
479888157
642771050
483430378
235358880
975297675
564597269
509626637
831728878
511718284
248378861
650204083
918674906
297568463
898246525
182009459
671003099
157788214
166609289
795233145
773956660
479002587
805775885
357547217
196257471
547782456
236930974
844155019
301399728
166491689
517482447
823609497
412997444
863114984
365657651
947317326
961950896
682780858
931595942
315051123
126031902
711668816
154553429
863578916
707758830
559280297
730677729
313917154
974278447
949215837
460017884
449052205
748104504
152540935
290003195
398849467
199833982
766054299
288678241
732775122
142580625
584848699
633079177
750425893
799501319
889635453
329175002
973935812
915397157
654581531
321205923
752050928
620450121
266933494
216950724
330788203
351059968
976696379
698438548
558097196
780989820
742059674
336222656
949646943
733623425
448701054
893813256
488589427
148389423
547982222
634848396
244822074
930661184
981594917
354150588
611553570
691154503
880165303
271964621
181676057
830779109
200386522
679019779
627553020
293575765
903146189
814577252
181039053
592137830
782587173
337176880
678251156
866881537
130804376
977076775
473860118
916501545
744220422
164496776
494629249
119332302
583349844
188882206
915557477
492975087
959272153
737353856
523133273
904355728
949409186
218901734
390047700
201561915
992705728
988930205
947464136
312266103
902581667
359954840
336105756
256819346
489687232
714669711
783021460
320354296
414639712
273656034
686531748
412748815
314480463
224817444
663660974
907857877
167392972
557362659
857474699
793541325
263720221
129280124
623408041
935671444
889396524
704459201
320628789
573577327
644655848
701648748
416135920
251367505
572905472
491344638
512171093
820425385
114124612
879540699
309512126
823607925
231054373
902467854
302853266
963754077
380948844
851219020
275124784
407046668
112203409
287200936
798845385
547401622
467541356
506675114
715169350
631784655
606486175
425205506
334081021
376607577
149707529
875808533
476977632
223252212
942824111
790242881
622563970
801416296
716746160
853269565
648079858
507356876
160422922
638565821
387860835
608534752
180264455
660864478
272046559
999594360
473777647
528646390
524530322
533731521
254250500
517804319
868683842
890972547
462657609
924016434
410879235
405397439
421654807
696462746
193027074
543501826
740851220
440051168
818211560
465351346
357077655
543450122
177520223
549734629
441566577
434613810
453925172
838740202
376902725
920904948
890265609
449403601
167100474
566259598
983560488
295067977
660094211
367679923
263295166
446406665
142990589
579953185
761581400
717071143
258760034
491192645
640002878
477347418
824700829
688431900
320518207
964676416
195435192
687427125
263226706
783107941
339497856
441662260
559529942
100700446
347088819
349347321
361038203
393858414
654543719
142186762
725327281
360997271
559793461
305555010
385021197
244187959
737834860
816574527
987637308
834563503
178046438
659499768
415838288
287648342
979959736
257863472
162930714
755480998
224897077
974840055
633038531
900165710
862878263
756323263
191806891
744648123
330481514
502913486
301868432
418694604
612360311
844409628
487270769
249717150
233440935
293662224
720763177
227325713
293172393
742502016
614924973
354450783
472677031
940311023
444061411
434000033
690585301
146691698
897136404
144109100
537887468
907713192
986934521
458000620
232681957
502819316
917948103
495390004
805020049
402138108
149160482
315833858
588939285
424203414
662611679
944466175
991836094
646631327
110780164
186345357
206461443
683462552
979107828
339238004
426467482
493738895
473562700
695149225
893014469
562380724
838801817
520637219
462017885
486945515
874100634
374893727
730974504
665800125
314336964
932146950
721837436
899094681
811949868
555016276
702619515
244514200
873644653
274794874
632486004
569914528
246502250
542490160
747947672
933013799
542219848
205591334
187230468
160332342
670836401
473173588
855022010
850033386
565421554
602012998
256923137
296332927
949014682
815240508
460739068
218328934
142674163
352419851
641516724
499890058
393916306
827406246
922892171
844579076
785130829
572154138
822395888
443979884
103682309
783896907
229152129
126436184
484683833
111839003
371537105
831611474
683241222
702755731
149826669
356459895
160742988
473291058
248441690
547440114
689410003
151957859
335180660
161900812
289758085
742322020
458138613
559172449
543216779
714774886
137367300
910254791
264270835
264101137
295567080
606567096
560460047
330074216
954190452
130943235
624816787
564114663
634385061
214454642
226146128
673520271
488122821
532509763
926032683
113296342
137071129
204632095
501155705
327691695
463354342
405852237
614908515
846337990
626226547
597167637
117943056
335016999
880395975
740297710
530484025
495260584
602840191
253717390
196313016
375767865
354947532
549199699
871368091
859211963
556660995
612896788
662175106
842510913
410280218
718934532
720692391
759700568
730744489
771827598
238209246
896910069
752953243
301871979
375911876
504879378
227006031
820383602
864370183
556755380
391602905
238143460
804151323
425708571
793845627
320327917
770483524
338846113
375233374
702029617
431960196
152934519
761767033
818581841
319971800
759881161
703304503
634276525
110505402
671545793
652421965
960264360
448483809
656819433
821459283
606422792
874130815
836529000
393356137
304011806
963869362
450326218
608111709
971398333
374778929
922536172
696865936
897859052
201545848
516061021
621048089
319761141
136636561
881017480
791455144
441884545
388765453
866717831
554108508
472808792
697202314
988088765
352401579
359518519
907440659
668074709
512636817
733498561
717609637
554813435
515725798
528961913
933513840
953657709
314916254
613992443
635815539
144981773
995148494
537330872
748615434
881761980
111015462
892868207
616230216
544456147
173145888
350129896
928588934
155062460
724235685
633443509
193905029
401663055
614720467
101424710
124315721
562077737
537164694
421925897
105205210
270382744
662021087
900985741
974220246
674286358
802443088
644129786
997831286
832983820
587777744
224699627
676053336
795527428
698746623
508454075
649227552
889715971
158459091
623165870
316396809
277525035
198943724
477869591
863210142
541406627
674773847
959008961
119192457
893215995
836144803
313700226
720925481
951417052
580135471
852812945
879340232
663931048
103883968
424927249
226386033
334663912
691191578
475325729
367985176
566931244
760470295
291955288
516634904
590297725
712802231
582496192
821608903
710752923
371951812
608471580
168027517
642405509
451859612
910185657
763066008
171033145
413889249
262574449
871401051
551411310
331941682
764670772
697350857
514345268
683491877
726512488
249172767
970095670
633156927
664937121
318238294
814663586
971855761
174781871
487514856
237778316
685578186
216417025
971680360
594900701
576527443
924181498
311925730
325748691
964636443
482059496
159788337
215399133
687132624
273602764
862605040
758800860
473775675
827814697
996170528
803398288
689673843
118559768
920811179
304838859
882775035
222389547
296284074
337624593
513498864
418018440
225570102
169380158
621322082
284283414
922846515
468527704
358457728
311441444
445668157
178801292
449177494
516696978
868471949
485083765
472984331
457184269
217072015
989695702
179964760
592560176
736489218
364211860
671497509
312480996
108198073
110679248
933692770
339909444
442341864
677456915
611063487
527781149
785893927
412084231
502815769
737744883
618313161
898504270
326451932
324937775
127751446
413001013
127279847
890489975
962723305
860884061
532702933
148229045
628002236
148013027
983640618
926019977
974799314
394819658
809522170
440714953
462792741
871465627
544173885
434717873
686485078
781216023
476484102
440944982
597974631
362767357
792661444
646377963
967023592
755682490
362245735
943960260
748799565
388610224
429360911
326150384
832823033
413196155
614294381
994282033
550702211
576256840
252682178
951477059
864931195
831938367
572849653
226730240
543035662
907875955
908592525
660072810
789622538
826060088
613490403
398291973
953062341
605694760
396388969
342244351
816887866
389268250
699500045
629717095
481606997
856859939
642072843
720285194
535502948
581241403
284067986
750934812
551028486
712405101
920217580
580008038
290617080
150939602
945728453
460197320
770177345
807781270
100815727
639448969
806296148
542018249
865071591
817787259
279233082
623759300
281959467
966434295
636327222
685777467
757022792
166552166
796755870
164330117
739025070
784097605
950969146
881137978
116178075
291494599
811836482
715040666
402591593
590183974
369753395
972761780
182187284
847692523
277310880
152359035
106712928
648384006
540969503
137842354
964596394
397024398
544048857
975316395
300359257
857689147
662304193
867816460
641212687
572804681
525329373
614118097
388643362
948982650
692923414
636343984
950329238
241753255
370879232
813662822
934507700
633988387
606723392
754395992
565697801
990009730
958243052
923019271
380776208
280222003
300060906
934141200
219547763
571587079
949184305
628565281
808762693
478856656
516023756
171029801
680258793
998887574
221327885
749451211
278833698
646343421
447149042
899466945
482696558
202444008
178800375
642346129
506287190
854721891
267474646
319310671
967463386
862980475
613188437
143575846
437761437
905827801
127614173
947686001
636757834
783642962
783457041
264952754
229762490
630030350
914711546
852943268
904434880
796684569
780890129
870688295
127300958
440239881
545586037
598890165
533552576
597906981
723323265
241247389
728994483
775893978
585207152
625972311
362296905
268580982
971761052
204663142
868410833
323638067
553735321
117425164
662194814
754187762
126774058
502820861
298839531
339858666
498676827
426345728
156844605
145886903
688864217
425069952
484357754
937523507
735963930
332858669
284694675
838678503
961563958
991866195
719721422
279143634
500219473
498360433
338854008
109790928
721998842
839327365
724700158
356441973
464376020
370964141
209297302
690447205
374266178
830539336
761231682
848141743
884710609
893538286
365900044
602511791
450710713
647708883
830869683
953572859
466296315
937781485
131361556
177896972
280810769
987205047
172375373
405294732
929628901
546699978
537710895
254313569
357774343
673941972
946288673
756181153
446061874
474736009
288268299
214816686
596115344
977144029
242904518
855687560
875816310
559796429
126369006
945831777
445177023
463092238
829628195
681858321
331095892
410140914
571632913
676820398
304176292
765864455
602774866
845876108
526413806
383814092
305341327
888732518
308976556
765216455
831376064
273648515
115492894
356351130
464549444
923267768
770133561
235149340
645578721
949758973
950537121
506122521
732819545
240322905
514221411
437845110
783083755
300948986
840757101
630475777
746455136
740029968
801457888
623125689
837322390
129681375
801614659
138067247
783706985
554429086
727674268
362346225
980794289
410684337
703802864
310353630
158359189
628462937
362912018
574222013
874582046
715998482
840748506
678301583
555457328
683613364
342824188
303680785
474850786
240927213
605089951
360916454
347652444
214833745
419769838
684811428
501771057
836710106
406613506
166069943
520512110
241582898
388364717
784027558
821270943
461804656
834676223
437748303
773050147
261619036
586086138
772787723
382264877
839560604
970226322
176971927
628035706
772309052
276565650
798019936
828339177
644837361
311806035
153596601
116501807
772589542
287311066
596869043
939107548
376335469
500620621
779784762
739476138
628605189
506431884
937929292
346048134
664607698
193783170
764528761
948345232
665267425
868481193
634064398
711097630
915564834
480600809
155122540
729355537
433337527
194628099
430508194
382564180
721904478
114837965
406251876
460988128
364908462
540355911
356545560
694312370
314453211
353789038
341074234
489247045
288616922
215759655
877685752
472637433
845506638
900377770
884820512
738848609
253343929
991159203
444011729
267290116
148808120
251168235
772015928
907548122
110499973
930085640
452659525
279082584
526266556
531940291
350319191
143198429
480791971
764362591
100569018
179101074
160918817
445227640
688440656
347805373
655666797
997621840
916102827
797239539
340063637
275738438
178333663
516618457
506925700
225958868
796033080
925958328
518185025
797224012
725669596
575374610
636400470
104758459
149121624
211728304
576203160
414417232
707981516
261552317
760165395
943473618
896643968
351933994
469524645
109382735
780355381
125127533
766699063
271597138
235808572
983050190
501474447
794906185
335212085
413614943
261851888
332687560
696324469
941031585
472041541
839420245
150078368
876391314
497908947
642448190
966735054
311376524
362906551
785152248
792135630
311720263
932908223
868301025
947620898
806233418
476587246
105862804
735725170
964013589
172596028
864281101
377520101
437858874
846484251
188720700
139390017
544503893
366416715
780155240
407476258
255713203
282591625
890471214
507298640
715976451
666632620
427106045
728593744
335358975
990472147
583358641
555010954
211719963
885010439
803766359
882062125
190361846
170813720
303133471
435290180
156257803
771082919
303324912
921452622
169783546
407872359
318319016
301113378
544382430
405098570
630133659
929532918
872247844
343245029
973635402
507527943
866257530
812946034
132156709
892380506
112563129
466104552
934566586
340750537
818921185
399632586
140285249
133938809
433741305
720326905
501597335
725608043
956738798
176609405
133942376
633464612
500830712
337241659
807059028
816323594
884111750
184058230
195311680
168182361
353261036
699842229
595215946
242281146
860676304
871174882
377023674
498206631
504647052
886249647
978437637
129987764
932475472
186286468
220004613
460906525
808876153
821110557
271728333
194500198
505561506
102547840
278526499
320511371
588811189
211585539
272295251
814223885
445217476
506111444
871348194
548167420
978152063
907245194
381481771
760275932
386610342
795071670
125056465
219677407
223701287
938944058
596954408
127709034
297483633
847760535
133449953
421192426
711071048
816737912
565437218
809408884
457221678
548822386
692546932
562602227
110074209
303807679
858701176
507125509
802892807
692932074
528241448
154517917
273651588
231799320
311800871
837923506
862363907
465065090
639012701
328281021
794582145
609818391
823451225
340927706
812167542
852979293
532604937
581035448
569750724
707657059
379188157
712458296
576390327
814538919
493847767
380094536
198019998
921973897
207336638
870487714
144042975
198531761
744078775
706751284
433053021
840156658
461106160
454918262
501654046
292685862
906338855
932209083
492949845
928172854
425894856
834555561
366642317
781516933
253648536
850454059
716511364
557654785
405509627
614764136
306478484
803671320
375532916
742971593
195749819
134093965
406680197
652757757
724985443
346840808
338935006
882471288
775790971
485106536
895982328
880848516
186750841
459677351
436249415
989868420
340297312
358011459
673808012
539511410
318510515
812822312
265022496
987441676
527134498
922671004
481773978
857228267
977877558
113350221
646384900
161320603
993001370
526121478
561373113
321338433
642234245
254087437
740090639
396100685
848288349
919751580
204979597
154038887
102916922
967358975
313270027
335278813
324262723
720579635
704551550
449638452
751805614
678316311
324676869
134328689
468661906
228782247
633790753
806695493
757353062
829725593
905896581
255470451
926260647
405833465
585736021
640219392
370272281
465689899
611022695
449156308
648751065
646788007
774397097
707898887
438404811
871029168
637794600
187265016
204214029
678912510
430212575
753678993
772194320
679899781
588552370
803664305
599726548
242806150
910771459
345515766
525838066
849397833
855599139
629523824
976900603
108767988
205990241
824848538
589923215
525658835
810807966
579317137
349955786
376337318
505284395
833458256
306967066
278937483
546073117
985329568
481381528
787276632
248654818
975621439
652825180
896533090
729270939
848375293
392111216
991399681
963212537
873302471
896981358
432021736
370091655
163221081
979232627
990053637
986088659
170744191
811935787
904441631
696963235
153769318
322732158
868908530
155486291
950725430
311913048
425646028
553921274
887320814
965230956
996551400
570746168
316561719
572667361
783410187
776200356
190951462
704063249
166705668
140766371
629612542
517119636
227931822
703112185
208606262
685269517
368848367
209340022
263694116
759131300
113169199
399623540
922262138
124383745
797864459
443597580
905703995
407349070
708179894
703712965
215461105
820952283
435762594
477033519
367343556
596478883
208128058
761805604
774493335
156677222
917269754
566005635
391146548
271403415
181600585
230082883
399941467
236506231
412592315
771743625
323825511
840268945
677156646
930475777
594038202
227059059
461209743
482540142
156179651
461632714
130876930
713692105
575391041
742186147
391023236
785459017
912840010
813818055
659351046
246317048
554757726
352032705
529545267
495004570
833097878
438793923
512893695
573618096
134641259
827874457
135477531
381754779
967027392
828289574
549383937
552696538
460926722
144097072
263219471
387638877
685406751
363378053
231259927
704254662
561577443
611490823
261590923
813972171
736005180
205201847
785651244
215163589
325979913
946954213
769461938
472847073
641621724
412181057
654607212
990375813
319642166
600200152
649716556
602360094
958027644
724980354
626906885
552642126
948994614
780289822
883458176
979419344
169385215
488573625
295495377
839814301
753910756
489213977
324584039
842605646
316866919
696008280
696101710
180392488
379632317
565291352
588938818
605283669
381253298
878922194
244307043
861104979
331135267
597861621
594388777
477205692
214073285
326292048
635152862
839937276
918771105
978180587
651913249
242529182
309377202
171037983
718219394
551053343
308887772
901744745
978592416
286922577
687441136
849843754
461481771
664594805
129927654
820149978
323701322
357281258
978776465
870410320
763705479
884958190
755225344
475701621
393804416
750253686
306074946
613051815
821898637
610001675
137396984
160594579
445400904
127246363
776210850
326377645
155940293
756942094
305786321
845275179
795085187
755095876
626143133
777853234
153263141
808734654
509779967
635586972
369520031
794260734
554079022
388459903
737472567
306775144
960404609
269039247
604912454
147229504
137443627
699257966
154094342
140329133
300503310
629974318
104183274
328951558
666022016
995566363
217799678
518866474
941261202
723078835
567377802
870829362
971027399
479426781
315272493
980596971
168008806
965567060
550581551
559525034
718219434
737256886
764834713
169706448
661112411
588224456
117197202
363185701
337906391
419226441
954326262
933085529
912365621
786845429
434214843
508584964
702760654
397830196
328441749
672186768
105299848
824539664
983150642
504416826
311001262
694168697
810961783
410905661
997635201
948114367
457718385
318712672
214685419
473365173
136084924
460220423
575010021
216237090
936341409
904834899
533031284
587739708
324325389
694401195
873637602
689163351
917474775
371561919
331412471
202068027
856981814
440897373
666764713
306675094
204891098
965989393
185025386
307559417
271979566
605946254
229525108
437667449
374676101
815196273
440208846
355379134
913779815
939395871
175469828
320866136
572777597
642184971
646081299
259151074
623368212
571883785
832176530
638457435
883967529
226652025
705395672
465952965
454824309
481319128
814387578
928369977
107737497
413286279
541924542
711581822
301731847
221605578
342979386
497268205
631576777
624643055
822292748
251061773
487132160
996963980
526676761
624617416
236038103
748420980
935822080
879616248
270064863
720766357
208363673
792345704
538802787
198024275
926376077
380766156
894062977
980651255
668485862
391212089
633360634
252669635
223191877
218576527
667224319
785683976
765822586
987671618
959885396
652580563
143505145
177709635
997337048
294532246
993055251
461727982
102244329
702006023
496203740
335154445
401133746
357771216
994643929
661501201
257727128
305757685
231236017
225307620
178680565
600923682
950762534
702891518
765448279
284698459
214221265
473075969
858486472
110917595
708965146
138880792
691639308
744219364
855851424
120378842
764915067
319720327
401765127
162447655
463469123
354418449
174345304
127094258
684048703
840708685
381076140
609695760
298335094
604451692
698684316
198965264
208761007
659262676
904915522
997055831
343059881
797117757
159882172
323415766
361751178
622545852
122916398
762025245
530665594
125418416
115458665
290200470
737560098
151498831
246529402
258518946
426610524
285442425
482460934
729370978
602440257
916557766
615377831
613849728
856983035
224022145
391370515
712963358
189542554
994557097
549287164
745202817
784247046
997712626
827658796
122528012
810917586
882756553
876127978
270779726
210410360
572149320
490770932
915512714
188426308
752182961
509871150
824273326
679973029
261152576
327753105
170088777
863759851
924493133
503290859
807533721
419117646
565705933
782092038
466246800
720589875
383357606
379971199
859200784
107983053
912706204
587311893
935033334
521783381
282668327
485016904
728289722
103745009
421809785
702407980
936179059
490691621
877694610
456029484
747098356
715823412
621439619
830394979
352954278
811598114
922217875
344710533
525153185
105018420
310967412
198754984
581662139
922129296
951802711
418295384
715000623
600571230
198527816
743660947
347312686
582649710
683269367
575846283
882570771
119847182
609007811
795923497
937876118
363370828
252370341
474187599
107697428
744360461
491100183
952290154
160869470
444758824
858291872
713522117
776250331
815115516
166511246
335747935
650057149
964623257
730374282
685583018
547222467
843047637
960737895
851266191
626839922
611247735
382261214
513472092
556686114
137626614
999031246
990085819
593841959
449351248
290827912
560696963
136226275
898266176
748929359
696995987
401482604
945970953
262461762
636454670
820914705
647724124
991700164
839489843
969263826
554732010
423708085
416076935
692803900
339488938
829055150
936197777
885231885
681992696
903798928
399339243
465989360
330862668
448480133
142369538
517600457
938483174
328624088
401962983
989032023
264802770
915037540
731338591
397142044
954979812
421737449
999215529
419196025
129897287
497366531
413912262
235779274
925177010
387964583
329358633
355650659
799286766
133217942
662421823
816544830
305371561
921046135
631188761
762237674
839613900
952095083
203557073
145817551
766022495
530954346
838040506
434888923
997202736
269256845
109851223
979082862
250667645
928617925
696859664
608473900
592571178
612200425
952224198
246582939
956168155
317537992
820516672
341859887
911250860
682617929
439106927
925834644
662785115
667097248
617010867
263650106
875304037
812789309
850897647
187181344
930799396
503951890
479052591
408796357
306145817
475279778
452870525
355908891
197021996
841757840
377909978
611309140
831901957
681700373
276668892
522041565
194285371
646233364
883037010
673485616
712852373
547638358
419337236
837695225
731028415
454704448
713984142
810263061
387466431
961020475
894959867
838773762
181129328
774013152
330068955
704636963
938452814
804189176
198301380
818860512
252538149
281472299
229684863
781662708
545115857
393609956
272964548
601392282
536141909
361500988
153864301
547231428
598792999
101912867
940018260
668044149
938677784
200184175
259631626
281644095
793540482
711992507
595178176
828886841
910264768
430766039
319050115
550756750
997944279
443569170
604236667
686381673
799214913
804784274
954522779
619783245
978449013
664911221
156935349
835111022
630734088
230493309
202801310
249476800
251313694
666430257
814359845
104478297
225523602
675572604
837102246
266434710
458496249
854643527
635082159
641871549
967261476
539156710
722265782
873622911
810707865
265677666
823988558
620801905
700975513
361130869
309586135
645850376
368543688
147768967
510253880
573333683
360284824
407855424
646994428
203851070
973715183
574914173
682699042
785716981
626813259
771040412
365944839
729278002
270329954
388078527
695120387
129015708
708410786
178394992
276600005
485496541
997892188
301629211
937116676
889058085
649198081
946589326
896032061
527496637
874781615
745753180
209342176
316557287
578860362
436223289
347371163
784083950
951289921
553668654
951781630
732250929
535580928
798292200
848975320
608844276
400274064
491323330
609986192
437932914
167912389
154803526
896322670
510491277
387448257
770427414
368516207
346071292
889204446
220149625
307111194
490721060
176218614
995918620
539200353
611398998
234162611
696396349
179947550
668938000
176311401
549892992
669721470
548041056
419835599
783858052
565973636
120786729
224092517
496609172
494619572
168749110
278875404
464955450
872892168
164872774
608065959
463805325
823444215
989246592
683734920
703886498
199483645
959238423
287811799
231976958
914302587
827553403
211080845
175414893
351925000
347971223
709462981
472168718
400707721
768050138
535194199
671225436
910081011
142689080
353121872
140358687
505786330
944677979
612492580
597559830
675046031
123693931
183421375
926248398
396211767
111177932
456645533
965521941
448127551
475897743
147744490
770198994
494990381
359392589
291673436
650421770
637405611
861474901
937960254
751976047
467753307
872228342
259756731
450631289
805328185
302404129
463387998
840870825
987328142
168692649
734056424
567322054
287845045
589299890
797603125
278665964
783379890
225554843
916806897
592271306
412329446
452281001
468124381
312149031
745027009
633131112
939490808
453208015
236312891
219331712
446234709
638774910
605111552
525589831
161371215
938467258
784251884
425875551
429073130
837287127
474704463
308038677
349086694
307862859
682247605
573917869
353688920
368950950
137967328
239359063
443212852
582084186
880936100
163372858
859263902
318863002
451366181
919453149
463230985
352062028
911824142
259280711
862473170
229887800
825498905
383576768
596335886
261281545
708667082
558813158
493369537
105600807
280960650
406910005
973086449
138862399
519186303
908553673
494466990
697964385
746018053
928864654
837707875
153522960
781577045
965831791
603801699
977867865
880877842
316665062
424587867
592502642
859228324
146392676
632505874
723629215
523143277
708389747
802277723
589229192
510194640
865550884
867839346
748947112
822997672
992446410
901601240
356682694
119842589
281126433
754877560
379726095
797488184
186004672
303274836
137134405
201188936
712170168
531034191
735545205
526456132
106727667
296119683
457777833
742207529
357795022
169819522
371425157
192359946
153663100
351962363
286018366
190975367
235760711
581021879
963018973
307175530
756368403
621225821
783156395
647180322
965825036
498527145
780507143
300028824
195721041
458274957
227203520
166267976
335588324
994161736
851135319
673125900
193014549
279718741
441482197
307054475
652549716
175366950
171297842
598582427
439895362
124963746
799640570
178587348
876660707
393607133
438203224
651789681
445974086
497049911
817578264
482181707
751132856
768749790
872080030
819023498
101945261
709307673
862528635
394357843
874827716
457727047
366492236
259828722
861621327
299155570
237647413
282220501
868965306
670544549
583791842
886568225
786206585
568108361
860247777
964956068
706051906
607171442
653987831
432250503
482051822
541618211
746361209
544449386
714878778
942836850
306742356
462206963
369173824
295806158
438553508
205727082
908338168
788968364
495464972
395724411
130085502
295382654
943672844
502995643
773516663
899073883
783362318
784768828
681563573
694785801
936447425
865241088
847785011
965659811
220251141
845363919
729045853
608614468
206658735
122762939
330893592
460376780
136281720
541924824
123535665
434785464
964469286
518780031
761418303
138214674
882812482
119368148
751014610
170143931
959883873
990535660
378289857
293270816
845353058
234394982
673723881
493854229
190919813
564616745
636153085
947364911
842205867
712548311
474279025
299909312
647053528
321322203
263868320
964153059
297669268
413137781
474149352
169587135
789617937
848563156
754236009
482886789
847766944
466809555
594434283
320530077
330466249
143458934
192669845
573295270
302920995
126868437
904469623
755039185
361839948
194730190
941723948
522909793
710321291
588832037
974285095
491658854
132064377
775539913
862025035
279010079
919893553
359503008
870189933
721936050
820461105
426012833
442260290
209666916
507467389
141603253
658660794
370898813
937308280
885279243
383461196
485313997
696855511
188351205
468977563
154136906
164612335
406493431
451132878
253670091
935497119
302462188
182450947
815314453
805689007
719580361
280520599
135776671
589612516
166198278
945864307
357476861
707320821
811504542
203645694
398034781
519639942
270745465
516805785
560954296
129848134
710467045
466903243
354783012
661970574
644899563
306271874
520974001
454952865
954165975
827558116
240187472
575135676
961984817
525874451
281584181
227729206
987379011
709016190
767166095
401568489
925497699
192858212
859146116
655586876
700965005
781480213
630269918
992576985
169893326
740244811
805498177
104338929
129655864
365382074
524421204
354139159
359540903
996546123
536307598
237598689
622497548
779080154
658678814
813291414
613323927
943154265
358279648
882158657
825454963
948716302
828033501
857517637
201199682
782020328
628721830
492700141
594545726
258514923
249903649
925307337
358866706
457275642
275438142
439307524
615289970
986711922
653884339
705643810
893631456
568943095
806932019
462197190
732098251
438682908
365037744
322241678
360846166
527435046
649685058
250638758
412541628
155082105
203440937
813236210
834957122
448938815
665944169
993168291
382888437
140377821
939986827
881979317
558614175
201264374
694556106
860793548
399869463
351472906
465494628
610750172
682160080
385440765
166400403
771244263
768459812
525192531
772584236
113738823
843270919
237542832
869891013
287323470
889074371
261072377
612245109
318796941
780384970
734455762
926118387
978822331
383668251
225340411
542830531
681967783
127641991
946202652
171496112
637357222
281384959
950936389
393381156
979421969
627845054
110418985
280987360
209239120
186857160
957824032
399814704
255871073
669975459
942294367
120463538
177339247
348384415
847544121
225692777
397022195
443400296
365848470
732777763
641291098
806693651
448540209
598955271
255864471
153772930
540370216
391678866
591677775
834230948
780919200
942331547
424725868
469185938
636509715
433864313
481430552
360494812
624257111
367035153
745181946
929603990
252851941
159610728
402639974
327473635
910280777
676707880
208144937
603397645
324497702
957827856
498447474
503952406
785289393
130628907
119900479
